256
16
512
512
8
32
512
8
512
4
64
16
64
128
1
16
2
2
1
128
64
512
64
1
512
128
512
512
512
256
32
1
16
2
8
64
8
1
8
4
1
1
32
512
512
512
512
8
1
128
1
2
1
4
16
1
1
1
4
1
2
256
512
512
512
512
512
2
16
256
512
1
128
128
128
32
2
1
2
2
1
512
2
16
512
4
512
1
8
4
1
128
4
4
8
4
1
1
128
32
512
64
64
1
128
16
512
1
1
32
1
32
8
2
4
1
1
128
512
128
512
512
16
1
512
128
8
64
8
32
8
4
4
4
4
4
1
512
512
32
512
256
512
2
512
512
32
128
32
128
64
2
64
4
1
2
1
512
32
512
256
512
512
512
128
2
32
4
1
2
8
2
1
32
32
8
8
512
1
64
16
2
32
4
4
1
1